103
305
633
823
816
904
113
225
616
799
734
936
223
745
656
398
629
519
790
425
767
884
352
770
872
879
170
645
570
820
647
175
810
877
495
636
269
334
260
589
272
520
198
309
861
399
675
410
315
432
461
370
490
1034
350
349
694
387
1011
756
456
468
574
624
939
728
354
228
105
849
375
409
180
668
484
266
564
797
890
761
1005
657
442
310
161
163
928
217
428
189
571
949
540
812
835
392
333
496
550
719
384
776
689
706
467
525
919
885
561
363
807
421
744
839
542
747
868
412
276
805
138
695
886
174
171
459
303
389
296
494
367
605
482
325
837
615
1031
652
836
185
231
464
463
324
511
321
415
530
614
826
247
521
579
1014
466
717
413
563
627
609
454
448
236
594
878
593
881
578
883
935
698
338
676
838
212
932
277
778
703
444
700
1022
319
821
857
293
346
618
677
1013
943
311
748
101
485
522
929
259
560
151
406
762
251
386
469
923
411
1003
255
642
538
400
908
597
393
264
300
294
431
804
738
853
164
280
641
256
517
751
405
473
679
742
478
927
704
232
179
926
648
388
250
876
286
541
795
219
112
353
209
866
245
176
843
361
230
913
368
831
162
760
135
566
449
682
785
688
126
215
628
739
243
794
313
902
130
360
341
764
920
379
887
337
516
583
383
308
359
732
491
462
470
156
479
759
436
723
773
720
132
500
765
477
508
274
802
817
492
148
558
246
200
357
116
1024
577
248
502
830
446
856
158
433
683
544
307
320
946
681
752
336
603
581
1008
947
509
424
612
265
617
244
766
323
287
945
395
377
818
183
487
261
304
587
572
356
638
193
692
608
798
109
332
842
809
659
289
644
661
394
869
447
369
551
896
847
501
188
1025
172
419
1002
267
117
153
510
602
224
115
922
102
452
933
1009
322
725
892
576
226
505
422
481
888
453
391
131
344
339
1007
483
774
527
201
813
918
833
834
177
110
427
600
673
573
662
455
362
146
941
523
567
685
218
621
649
237
390
371
372
214
588
137
899
1016
650
282
450
944
687
667
328
730
493
678
611
595
312
139
891
154
775
460
278
907
184
270
712
441
136
557
472
1001
1032
514
402
708
159
690
249
108
803
1027
364
168
592
582
524
221
285
596
1015
780
786
376
586
549
930
213
545
133
604
824
329
610
373
606
715
789
475
850
348
150
417
443
173
140
532
142
565
145
851
536
705
233
504
1017
727
895
165
297
186
584
910
178
666
397
623
921
358
434
229
903
613
242
374
351
435
755
480
718
533
283
787
710
880
114
733
909
429
671
753
709
129
674
430
378
1010
699
535
119
123
474
808
204
144
537
646
686
166
497
796
518
195
631
534
254
746
658
268
1000
750
729
181
854
543
507
852
905
147
917
598
889
316
934
515
263
860
800
693
234
654
128
684
737
811
366
643
556
763
258
777
416
754
1029
531
330
120
1020
167
655
134
863
1018
457
828
1023
620
335
873
546
152
418
691
202
669
118
526
489
211
196
345
342
580
716
238
702
925
548
125
882
772
575
279
867
1019
420
819
832
423
829
513
758
403
106
858
906
900
235
331
722
382
741
721
506
381
275
749
380
865
665
262
160
326
426
630
488
660
157
924
355
199
844
793
314
253
779
343
864
222
841
197
257
206
451
634
182
291
670
194
252
1021
512
385
241
552
104
1028
901
874
664
486
407
302
846
141
599
792
840
893
791
559
1030
815
401
825
192
498
327
640
438
216
440
912
1012
569
439
554
801
187
827
591
914
726
127
281
555
1006
736
590
465
111
227
585
784
190
107
622
814
938
859
437
121
680
317
208
625
365
663
607
240
781
191
1033
782
347
653
539
769
735
