678
679
680
902
903
904
905
268
269
270
271
801
219
220
221
222
684
685
686
637
638
639
640
509
510
511
512
122
123
124
125
731
732
733
734
165
166
167
168
411
412
413
414
840
841
842
843
906
907
908
909
606
607
608
609
699
700
701
702
100
101
239
240
241
242
914
915
916
917
836
837
838
839
922
923
924
925
223
224
225
226
872
873
874
875
237
238
787
788
789
790
236
407
408
409
410
1027
1028
747
748
749
750
751
752
753
754
942
943
944
945
1029
1030
447
448
449
450
435
436
437
438
802
803
687
688
689
690
578
579
580
581
513
514
515
516
114
115
116
117
775
776
777
778
633
634
635
636
363
364
365
366
723
724
725
726
292
293
294
295
1031
1032
110
111
112
113
423
424
425
426
628
629
1013
1014
1015
804
805
806
807
169
170
171
172
857
858
859
256
257
258
259
371
372
373
374
209
210
211
212
525
526
527
528
703
704
705
706
755
756
757
758
675
676
677
529
530
531
532
791
792
793
794
355
356
357
358
383
384
385
386
816
817
818
819
379
380
381
382
439
440
441
442
396
397
398
828
829
830
831
185
186
187
188
248
249
250
251
590
591
592
593
625
626
627
467
468
469
470
133
134
135
136
324
598
599
600
601
946
947
948
949
735
736
737
738
501
502
503
504
308
309
310
311
335
336
337
338
181
182
183
184
707
708
709
710
1007
1008
1009
860
861
862
863
695
696
697
698
844
845
846
847
235
153
154
155
156
325
586
587
588
589
892
893
415
416
417
418
231
232
233
234
888
889
890
891
779
780
781
782
304
305
306
307
327
328
329
330
300
301
302
303
554
555
556
557
868
869
870
871
645
646
647
648
1019
1020
1021
558
559
560
561
316
317
318
319
797
798
799
800
173
174
175
176
399
400
401
402
851
852
853
898
899
900
901
550
551
552
553
665
666
667
668
403
404
405
406
141
142
143
144
431
432
433
434
1022
1023
1024
481
482
483
484
126
127
128
419
420
421
422
820
821
822
823
339
340
341
342
910
911
912
913
276
277
278
279
367
368
369
370
938
939
940
941
848
849
850
264
265
266
267
1000
641
642
643
644
610
611
612
613
618
619
620
621
326
347
348
349
350
359
360
361
362
864
865
866
867
812
813
814
815
489
490
491
492
930
931
932
933
479
570
571
572
573
546
547
548
549
771
772
773
774
582
583
584
585
715
716
717
718
375
376
377
378
517
518
519
520
463
464
465
466
763
764
765
766
331
332
333
334
118
119
120
121
727
728
729
730
767
768
769
770
227
228
229
230
542
543
544
545
795
796
533
534
535
189
190
191
192
566
567
568
569
475
476
477
478
393
394
395
451
452
453
454
177
178
179
180
388
661
662
663
664
459
460
461
462
630
631
632
157
158
159
160
1025
1026
926
927
928
929
129
130
131
132
880
881
882
883
272
273
274
275
562
563
564
565
193
194
195
196
106
107
108
109
471
472
473
474
312
313
314
315
672
673
674
197
198
199
200
1001
1002
1003
614
615
616
617
649
650
651
652
657
658
659
660
1004
1005
1006
427
428
429
430
455
456
457
458
808
809
810
811
574
575
576
577
1033
1034
102
103
104
105
876
877
878
879
443
444
445
446
288
289
290
291
759
760
761
762
280
281
282
283
854
855
856
622
623
624
536
537
538
1010
1011
1012
389
390
391
392
296
297
298
299
217
218
521
522
523
524
213
214
215
216
351
352
353
354
493
494
495
496
201
202
203
204
320
321
322
323
824
825
826
827
884
885
886
887
895
896
897
602
603
604
605
669
670
671
252
253
254
255
284
285
286
287
505
506
507
508
260
261
262
263
145
146
147
148
